758293 823321975 CS2210    2023
543243 823321975 CS2211    2023
903456 823321975 CS2214    2023
238854 823321975 HIS2401   2023
902134 823321975 PSY2032   2023
231098 823321975 HIS1000   2022
543298 823321975 ART1045   2022
781237 823321975 ART1020   2022
589346 823321975 CS1026    2022
659873 823321975 CALC1000  2022
749166 823321975 MATH1600  2022
819459 823321975 CS1027    2022
657046 823321975 FILM1022  2022
174929 823321975 ART1646   2022
740914 823321975 PSY1002   2022
826337 205459551 CS1026    2022
321432 205459551 CS1027    2022
431281 205459551 CALC1000  2022
321451 205459551 CS2210    2022
908123 205459551 CS2212    2022
234891 205459551 CS2208    2022
127983 752443010 CS1026    2022
432153 752443010 CS1027    2022
183212 752443010 CALC1000  2022
213492 752443010 MATH1600  2022
431270 752443010 CS2210    2023
213543 752443010 CS2211    2023
980765 752443010 CS2208    2023
986213 226215474 CS1026    2022
864531 226215474 CALC1000  2022
673129 226215474 MATH1600  2022
789342 226215474 CS2210    2023
213432 226215474 CS2211    2023
435765 226215474 CS2208    2023
431221 226215474 CS1027    2022
